{ "camera_angle_x": 1.047198, "frames": [ { "file_path": "./train/r_0", "rotation": 10.16641, "transform_matrix": [ [ 1.0, 0.0, 0.0, 0.0 ], [ 0.0, 0.9999999, 0.0000001192093, 0.0 ], [ 0.0, -0.0000001192093, 0.9999999, 2.0 ], [ 0.0, 0.0, 0.0, 1.0 ] ] },  { "file_path": "./train/r_1", "rotation": 10.16641, "transform_matrix": [ [ 0.6754904, 0.729995, -0.1040187, -0.2080372 ], [ -0.7373688, 0.6687356, -0.09528968, -0.1905792 ], [ -0.000000005438888, 0.1410674, 0.9900001, 1.98 ], [ 0.0, 0.0, 0.0, 1.0 ] ] },  { "file_path": "./train/r_2", "rotation": 10.16641, "transform_matrix": [ [ -0.9961709, -0.08567681, 0.0173974, 0.03479482 ], [ 0.08742532, -0.9762477, 0.1982354, 0.3964708 ], [ -0.000000007602633, 0.1989975, 0.98, 1.96 ], [ 0.0, 0.0, 0.0, 1.0 ] ] },  { "file_path": "./train/r_3", "rotation": 10.16641, "transform_matrix": [ [ 0.7936008, -0.5901855, 0.1479144, 0.295829 ], [ 0.6084387, 0.7697929, -0.1929283, -0.3858568 ], [ -0.00000004608606, 0.243105, 0.9699999, 1.94 ], [ 0.0, 0.0, 0.0, 1.0 ] ] },  { "file_path": "./train/r_4", "rotation": 10.16641, "transform_matrix": [ [ -0.1741811, 0.9453251, -0.2757198, -0.5514399 ], [ -0.9847135, -0.1672139, 0.04877073, 0.09754149 ], [ 0.00000004930254, 0.28, 0.9599999, 1.92 ], [ 0.0, 0.0, 0.0, 1.0 ] ] },  { "file_path": "./train/r_5", "rotation": 10.16641, "transform_matrix": [ [ -0.5367298, -0.8015665, 0.2634621, 0.5269244 ], [ 0.8437542, -0.5098933, 0.1675939, 0.3351876 ], [ -0.00000009555417, 0.31225, 0.95, 1.9 ], [ 0.0, 0.0, 0.0, 1.0 ] ] },  { "file_path": "./train/r_6", "rotation": 10.16641, "transform_matrix": [ [ 0.9657149, 0.2440287, -0.0885706, -0.1771412 ], [ -0.259605, 0.9077721, -0.3294773, -0.6589546 ], [ 0.00000000792615, 0.3411744, 0.94, 1.88 ], [ 0.0, 0.0, 0.0, 1.0 ] ] },  { "file_path": "./train/r_7", "rotation": 10.16641, "transform_matrix": [ [ -0.8874463, 0.4286469, -0.1694121, -0.3388243 ], [ -0.4609107, -0.8253251, 0.3261894, 0.6523787 ], [ 0.00000004806827, 0.3675597, 0.9299999, 1.86 ], [ 0.0, 0.0, 0.0, 1.0 ] ] },  { "file_path": "./train/r_8", "rotation": 10.16641, "transform_matrix": [ [ 0.3430371, -0.8641762, 0.3681373, 0.736275 ], [ 0.9393218, 0.3155941, -0.1344425, -0.2688851 ], [ -0.00000006438613, 0.3919182, 0.9199999, 1.84 ], [ 0.0, 0.0, 0.0, 1.0 ] ] },  { "file_path": "./train/r_9", "rotation": 10.16641, "transform_matrix": [ [ 0.3815555, 0.8411549, -0.3832414, -0.7664829 ], [ -0.924346, 0.3472155, -0.158196, -0.316392 ], [ 0.00000003760255, 0.4146082, 0.91, 1.82 ], [ 0.0, 0.0, 0.0, 1.0 ] ] },  { "file_path": "./train/r_10", "rotation": 10.16641, "transform_matrix": [ [ -0.9057359, -0.3814582, 0.1847487, 0.3694973 ], [ 0.4238424, -0.8151623, 0.3948012, 0.7896023 ], [ 0.0, 0.43589, 0.9, 1.8 ], [ 0.0, 0.0, 0.0, 1.0 ] ] },  { "file_path": "./train/r_11", "rotation": 10.16641, "transform_matrix": [ [ 0.9541637, -0.2663637, 0.1364622, 0.2729244 ], [ 0.2992851, 0.8492057, -0.4350611, -0.8701221 ], [ 0.00000001674288, 0.4559605, 0.8899999, 1.78 ], [ 0.0, 0.0, 0.0, 1.0 ] ] },  { "file_path": "./train/r_12", "rotation": 10.16641, "transform_matrix": [ [ -0.5014087, 0.7613852, -0.4109523, -0.8219046 ], [ -0.8652104, -0.4412397, 0.238156, 0.476312 ], [ 0.00000002269104, 0.4749738, 0.8799999, 1.76 ], [ 0.0, 0.0, 0.0, 1.0 ] ] },  { "file_path": "./train/r_13", "rotation": 10.16641, "transform_matrix": [ [ -0.2147228, -0.8497072, 0.4815511, 0.9631026 ], [ 0.9766749, -0.1868089, 0.1058694, 0.211739 ], [ -0.00000005697731, 0.4930517, 0.87, 1.74 ], [ 0.0, 0.0, 0.0, 1.0 ] ] },  { "file_path": "./train/r_14", "rotation": 10.16641, "transform_matrix": [ [ 0.8180673, 0.4946054, -0.2934816, -0.586963 ], [ -0.5751225, 0.7035378, -0.4174548, -0.8349096 ], [ 0.0000001039616, 0.510294, 0.86, 1.72 ], [ 0.0, 0.0, 0.0, 1.0 ] ] },  { "file_path": "./train/r_15", "rotation": 10.16641, "transform_matrix": [ [ -0.9917082, 0.1092326, -0.06769627, -0.1353926 ], [ -0.1285089, -0.8429521, 0.5224147, 1.044829 ], [ 0.000000008765388, 0.5267827, 0.85, 1.7 ], [ 0.0, 0.0, 0.0, 1.0 ] ] },  { "file_path": "./train/r_16", "rotation": 10.16641, "transform_matrix": [ [ 0.6444445, -0.6423069, 0.4148894, 0.8297786 ], [ 0.7646511, 0.5413334, -0.3496669, -0.6993337 ], [ 0.00000007095791, 0.5425864, 0.8399999, 1.68 ], [ 0.0, 0.0, 0.0, 1.0 ] ] },  { "file_path": "./train/r_17", "rotation": 10.16641, "transform_matrix": [ [ 0.04132595, 0.8292909, -0.557287, -1.114574 ], [ -0.9991456, 0.03430055, -0.02305004, -0.04610027 ], [ 0.00000004479556, 0.5577635, 0.83, 1.66 ], [ 0.0, 0.0, 0.0, 1.0 ] ] },  { "file_path": "./train/r_18", "rotation": 10.16641, "transform_matrix": [ [ -0.7053784, -0.5812411, 0.4057088, 0.8114178 ], [ 0.7088307, -0.5784103, 0.4037328, 0.8074658 ], [ 0.00000007268859, 0.5723635, 0.8199999, 1.64 ], [ 0.0, 0.0, 0.0, 1.0 ] ] },  { "file_path": "./train/r_19", "rotation": 10.16641, "transform_matrix": [ [ 0.9989328, 0.03741277, -0.02708637, -0.05417274 ], [ -0.0461886, 0.8091356, -0.5858039, -1.171608 ], [ 0.000000002299562, 0.5864297, 0.8100001, 1.62 ], [ 0.0, 0.0, 0.0, 1.0 ] ] },  { "file_path": "./train/r_20", "rotation": 10.16641, "transform_matrix": [ [ -0.7677786, 0.5125721, -0.3844291, -0.7688582 ], [ -0.6407151, -0.6142229, 0.4606672, 0.9213344 ], [ 0.0000001490116, 0.6000001, 0.7999999, 1.6 ], [ 0.0, 0.0, 0.0, 1.0 ] ] },  { "file_path": "./train/r_21", "rotation": 10.16641, "transform_matrix": [ [ 0.1333493, -0.7829446, 0.6076312, 1.215263 ], [ 0.9910691, 0.105346, -0.08175735, -0.1635149 ], [ -0.00000008750089, 0.6131068, 0.7900001, 1.58 ], [ 0.0, 0.0, 0.0, 1.0 ] ] },  { "file_path": "./train/r_22", "rotation": 10.16641, "transform_matrix": [ [ 0.5711338, 0.6402684, -0.5136754, -1.027351 ], [ -0.8208569, 0.4454843, -0.3574038, -0.7148078 ], [ 0.00000003816297, 0.6257796, 0.78, 1.56 ], [ 0.0, 0.0, 0.0, 1.0 ] ] },  { "file_path": "./train/r_23", "rotation": 10.16641, "transform_matrix": [ [ -0.9756182, -0.168995, 0.1400341, 0.2800682 ], [ 0.219474, -0.7512261, 0.6224872, 1.244975 ], [ -0.00000001935216, 0.638044, 0.7699999, 1.54 ], [ 0.0, 0.0, 0.0, 1.0 ] ] },  { "file_path": "./train/r_24", "rotation": 10.16641, "transform_matrix": [ [ 0.8676483, -0.3778556, 0.3231277, 0.6462554 ], [ 0.4971785, 0.6594127, -0.5639046, -1.127809 ], [ -0.00000007842716, 0.649923, 0.76, 1.52 ], [ 0.0, 0.0, 0.0, 1.0 ] ] },  { "file_path": "./train/r_25", "rotation": 10.16641, "transform_matrix": [ [ -0.3039329, 0.7145199, -0.6301475, -1.260295 ], [ -0.9526933, -0.2279497, 0.2010326, 0.4020655 ], [ -0.00000001064718, 0.661438, 0.7499999, 1.5 ], [ 0.0, 0.0, 0.0, 1.0 ] ] },  { "file_path": "./train/r_26", "rotation": 10.16641, "transform_matrix": [ [ -0.419429, -0.6717632, 0.6105844, 1.221169 ], [ 0.907788, -0.3103775, 0.2821108, 0.5642217 ], [ -0.0000000400402, 0.6726068, 0.7399999, 1.48 ], [ 0.0, 0.0, 0.0, 1.0 ] ] },  { "file_path": "./train/r_27", "rotation": 10.16641, "transform_matrix": [ [ 0.922478, 0.2818165, -0.2638447, -0.5276894 ], [ -0.3860499, 0.6734089, -0.6304648, -1.26093 ], [ 0.0000000408251, 0.6834471, 0.7300001, 1.46 ], [ 0.0, 0.0, 0.0, 1.0 ] ] },  { "file_path": "./train/r_28", "rotation": 10.16641, "transform_matrix": [ [ -0.9409775, 0.2436972, -0.2348881, -0.4697765 ], [ -0.3384682, -0.677504, 0.6530139, 1.306028 ], [ 0.00000004139211, 0.6939741, 0.72, 1.44 ], [ 0.0, 0.0, 0.0, 1.0 ] ] },  { "file_path": "./train/r_29", "rotation": 10.16641, "transform_matrix": [ [ 0.4652383, -0.6284816, 0.6233491, 1.246698 ], [ 0.8851854, 0.3303191, -0.3276216, -0.6552431 ], [ -0.00000001873021, 0.7042018, 0.7099999, 1.42 ], [ 0.0, 0.0, 0.0, 1.0 ] ] },  { "file_path": "./train/r_30", "rotation": 10.16641, "transform_matrix": [ [ 0.2548867, 0.6768796, -0.6905553, -1.381111 ], [ -0.9669708, 0.1784206, -0.1820255, -0.3640511 ], [ 0.00000007203053, 0.7141429, 0.6999999, 1.4 ], [ 0.0, 0.0, 0.0, 1.0 ] ] },  { "file_path": "./train/r_31", "rotation": 10.16641, "transform_matrix": [ [ -0.8411278, -0.3731773, 0.3914625, 0.7829251 ], [ 0.5408365, -0.5803782, 0.6088162, 1.217632 ], [ -0.00000004117427, 0.7238094, 0.6900001, 1.38 ], [ 0.0, 0.0, 0.0, 1.0 ] ] },  { "file_path": "./train/r_32", "rotation": 10.16641, "transform_matrix": [ [ 0.9855503, -0.1151801, 0.1241933, 0.2483865 ], [ 0.1693825, 0.6701743, -0.7226174, -1.445235 ], [ -0.00000001016156, 0.7332121, 0.6800001, 1.36 ], [ 0.0, 0.0, 0.0, 1.0 ] ] },  { "file_path": "./train/r_33", "rotation": 10.16641, "transform_matrix": [ [ -0.612294, 0.5297221, -0.586933, -1.173866 ], [ -0.79063, -0.4102371, 0.4545433, 0.9090865 ], [ 0.0, 0.7423611, 0.6700001, 1.34 ], [ 0.0, 0.0, 0.0, 1.0 ] ] },  { "file_path": "./train/r_34", "rotation": 10.16641, "transform_matrix": [ [ -0.08258139, -0.6577456, 0.7486994, 1.497399 ], [ 0.9965842, -0.05450386, 0.06204057, 0.1240811 ], [ 0.00000001115649, 0.7512656, 0.66, 1.32 ], [ 0.0, 0.0, 0.0, 1.0 ] ] },  { "file_path": "./train/r_35", "rotation": 10.16641, "transform_matrix": [ [ 0.7340794, 0.4413914, -0.5160437, -1.032087 ], [ -0.6790637, 0.4771516, -0.557852, -1.115704 ], [ 0.0, 0.7599342, 0.65, 1.3 ], [ 0.0, 0.0, 0.0, 1.0 ] ] },  { "file_path": "./train/r_36", "rotation": 10.16641, "transform_matrix": [ [ -0.999988, -0.003124802, 0.003751593, 0.007503185 ], [ 0.004882503, -0.6399924, 0.7683656, 1.536731 ], [ 0.000000000303017, 0.7683749, 0.64, 1.28 ], [ 0.0, 0.0, 0.0, 1.0 ] ] },  { "file_path": "./train/r_37", "rotation": 10.16641, "transform_matrix": [ [ 0.7406548, -0.4232881, 0.5217832, 1.043566 ], [ 0.6718857, 0.4666125, -0.5751888, -1.150378 ], [ 0.0, 0.7765951, 0.63, 1.26 ], [ 0.0, 0.0, 0.0, 1.0 ] ] },  { "file_path": "./train/r_38", "rotation": 10.16641, "transform_matrix": [ [ -0.09227882, 0.6173546, -0.7812538, -1.562508 ], [ -0.9957331, -0.0572128, 0.07240218, 0.1448039 ], [ 0.0000001571615, 0.7846017, 0.6200001, 1.24 ], [ 0.0, 0.0, 0.0, 1.0 ] ] },  { "file_path": "./train/r_39", "rotation": 10.16641, "transform_matrix": [ [ -0.6045687, -0.4858973, 0.6311896, 1.262379 ], [ 0.796553, -0.368787, 0.4790611, 0.9581222 ], [ 0.00000001881092, 0.7924014, 0.61, 1.22 ], [ 0.0, 0.0, 0.0, 1.0 ] ] },  { "file_path": "./train/r_40", "rotation": 10.16641, "transform_matrix": [ [ 0.9838548, 0.1073809, -0.1431745, -0.2863491 ], [ -0.1789682, 0.590313, -0.7870839, -1.574168 ], [ 0.00000001862645, 0.7999999, 0.6000001, 1.2 ], [ 0.0, 0.0, 0.0, 1.0 ] ] },  { "file_path": "./train/r_41", "rotation": 10.16641, "transform_matrix": [ [ -0.8463526, 0.3142476, -0.4300416, -0.8600832 ], [ -0.5326231, -0.499348, 0.6833479, 1.366696 ], [ 0.0, 0.8074033, 0.59, 1.18 ], [ 0.0, 0.0, 0.0, 1.0 ] ] },  { "file_path": "./train/r_42", "rotation": 10.16641, "transform_matrix": [ [ 0.2643168, -0.5593729, 0.7856453, 1.571291 ], [ 0.9644358, 0.1533038, -0.2153168, -0.430634 ], [ -0.0000001053632, 0.8146165, 0.58, 1.16 ], [ 0.0, 0.0, 0.0, 1.0 ] ] },  { "file_path": "./train/r_43", "rotation": 10.16641, "transform_matrix": [ [ 0.4565723, 0.5071211, -0.731006, -1.462012 ], [ -0.8896863, 0.2602462, -0.3751402, -0.7502806 ], [ -0.00000002178568, 0.8216447, 0.5700001, 1.14 ], [ 0.0, 0.0, 0.0, 1.0 ] ] },  { "file_path": "./train/r_44", "rotation": 10.16641, "transform_matrix": [ [ -0.9376385, -0.1946628, 0.2879941, 0.5759881 ], [ 0.3476121, -0.5250776, 0.7768264, 1.553653 ], [ 0.0, 0.8284925, 0.5600001, 1.12 ], [ 0.0, 0.0, 0.0, 1.0 ] ] },  { "file_path": "./train/r_45", "rotation": 10.16641, "transform_matrix": [ [ 0.9261921, -0.2073786, 0.3149005, 0.6298008 ], [ 0.377052, 0.5094057, -0.7735229, -1.547046 ], [ -0.00000003568437, 0.8351645, 0.5500001, 1.1 ], [ 0.0, 0.0, 0.0, 1.0 ] ] },  { "file_path": "./train/r_46", "rotation": 10.16641, "transform_matrix": [ [ -0.4282458, 0.4879776, -0.7605808, -1.521162 ], [ -0.9036621, -0.2312528, 0.3604394, 0.7208789 ], [ 0.00000001133354, 0.8416651, 0.54, 1.08 ], [ 0.0, 0.0, 0.0, 1.0 ] ] },  { "file_path": "./train/r_47", "rotation": 10.16641, "transform_matrix": [ [ -0.2946447, -0.5064717, 0.8103523, 1.620705 ], [ 0.9556068, -0.1561617, 0.249858, 0.4997159 ], [ -0.00000002415038, 0.8479976, 0.5300002, 1.06 ], [ 0.0, 0.0, 0.0, 1.0 ] ] },  { "file_path": "./train/r_48", "rotation": 10.16641, "transform_matrix": [ [ 0.8627521, 0.2629261, -0.4318897, -0.8637794 ], [ -0.5056272, 0.448631, -0.7369338, -1.473867 ], [ -0.00000003489054, 0.8541663, 0.5199999, 1.04 ], [ 0.0, 0.0, 0.0, 1.0 ] ] },  { "file_path": "./train/r_49", "rotation": 10.16641, "transform_matrix": [ [ -0.9777116, 0.1070754, -0.1805951, -0.3611902 ], [ -0.2099517, -0.498633, 0.8410024, 1.682005 ], [ 0.00000000866171, 0.8601744, 0.51, 1.02 ], [ 0.0, 0.0, 0.0, 1.0 ] ] },  { "file_path": "./train/r_50", "rotation": 10.16641, "transform_matrix": [ [ 0.5791098, -0.4076247, 0.7060267, 1.412054 ], [ 0.8152496, 0.2895548, -0.5015239, -1.003048 ], [ -0.00000002104124, 0.8660254, 0.4999999, 1.0 ], [ 0.0, 0.0, 0.0, 1.0 ] ] },  { "file_path": "./train/r_51", "rotation": 10.16641, "transform_matrix": [ [ 0.1237108, 0.4862361, -0.8650261, -1.730052 ], [ -0.9923183, 0.06061829, -0.1078415, -0.215683 ], [ 0.00000001611237, 0.8717224, 0.49, 0.98 ], [ 0.0, 0.0, 0.0, 1.0 ] ] },  { "file_path": "./train/r_52", "rotation": 10.16641, "transform_matrix": [ [ -0.7615053, -0.3111162, 0.5686092, 1.137218 ], [ 0.6481586, -0.3655227, 0.6680446, 1.336089 ], [ 0.0, 0.8772685, 0.4800001, 0.9600003 ], [ 0.0, 0.0, 0.0, 1.0 ] ] },  { "file_path": "./train/r_53", "rotation": 10.16641, "transform_matrix": [ [ 0.9993362, -0.017123, 0.03215724, 0.06431447 ], [ 0.03643192, 0.469688, -0.8820806, -1.764161 ], [ 0.0, 0.8826663, 0.47, 0.9400001 ], [ 0.0, 0.0, 0.0, 1.0 ] ] },  { "file_path": "./train/r_54", "rotation": 10.16641, "transform_matrix": [ [ -0.712245, 0.3228883, -0.6232578, -1.246515 ], [ -0.701931, -0.3276328, 0.6324158, 1.264832 ], [ -0.0000001006927, 0.8879189, 0.4600001, 0.9200002 ], [ 0.0, 0.0, 0.0, 1.0 ] ] },  { "file_path": "./train/r_55", "rotation": 10.16641, "transform_matrix": [ [ 0.05106511, -0.4494129, 0.8918634, 1.783727 ], [ 0.9986953, 0.02297935, -0.04560255, -0.09120561 ], [ -0.0000000863837, 0.8930285, 0.45, 0.9 ], [ 0.0, 0.0, 0.0, 1.0 ] ] },  { "file_path": "./train/r_56", "rotation": 10.16641, "transform_matrix": [ [ 0.6369824, 0.3391865, -0.6922471, -1.384494 ], [ -0.7708784, 0.2802722, -0.5720087, -1.144017 ], [ 0.0, 0.8979977, 0.44, 0.8799999 ], [ 0.0, 0.0, 0.0, 1.0 ] ] },  { "file_path": "./train/r_57", "rotation": 10.16641, "transform_matrix": [ [ -0.9904082, -0.0594138, 0.1247453, 0.2494907 ], [ 0.1381716, -0.4258756, 0.8941693, 1.788338 ], [ 0.0, 0.9028289, 0.43, 0.86 ], [ 0.0, 0.0, 0.0, 1.0 ] ] },  { "file_path": "./train/r_58", "rotation": 10.16641, "transform_matrix": [ [ 0.8236444, -0.2381848, 0.514663, 1.029326 ], [ 0.5671067, 0.3459306, -0.7474771, -1.494954 ], [ 0.0, 0.9075242, 0.42, 0.8399999 ], [ 0.0, 0.0, 0.0, 1.0 ] ] },  { "file_path": "./train/r_59", "rotation": 10.16641, "transform_matrix": [ [ -0.22422, 0.3995608, -0.8888625, -1.777725 ], [ -0.9745385, -0.09193021, 0.2045078, 0.4090157 ], [ 0.0, 0.9120855, 0.41, 0.8200001 ], [ 0.0, 0.0, 0.0, 1.0 ] ] },  { "file_path": "./train/r_60", "rotation": 10.16641, "transform_matrix": [ [ -0.4929362, -0.3480262, 0.7974281, 1.594856 ], [ 0.8700653, -0.1971745, 0.4517835, 0.903567 ], [ -0.0000000118826, 0.9165151, 0.4, 0.8 ], [ 0.0, 0.0, 0.0, 1.0 ] ] },  { "file_path": "./train/r_61", "rotation": 10.16641, "transform_matrix": [ [ 0.9512075, 0.1203352, -0.2841191, -0.5682383 ], [ -0.3085518, 0.3709709, -0.8758861, -1.751772 ], [ -0.00000001618258, 0.9208149, 0.39, 0.7800001 ], [ 0.0, 0.0, 0.0, 1.0 ] ] },  { "file_path": "./train/r_62", "rotation": 10.16641, "transform_matrix": [ [ -0.9098251, 0.1576968, -0.3838616, -0.7677234 ], [ -0.4149916, -0.3457336, 0.8415758, 1.683152 ], [ 0.0000000161096, 0.9249865, 0.38, 0.7600001 ], [ 0.0, 0.0, 0.0, 1.0 ] ] },  { "file_path": "./train/r_63", "rotation": 10.16641, "transform_matrix": [ [ 0.3905211, -0.3406197, 0.8552609, 1.710522 ], [ 0.9205939, 0.1444928, -0.3628065, -0.7256132 ], [ 0.0, 0.9290318, 0.3699999, 0.74 ], [ 0.0, 0.0, 0.0, 1.0 ] ] },  { "file_path": "./train/r_64", "rotation": 10.16641, "transform_matrix": [ [ 0.3338699, 0.3393429, -0.8794187, -1.758837 ], [ -0.9426191, 0.1201931, -0.3114847, -0.6229695 ], [ 0.0, 0.9329523, 0.36, 0.7199999 ], [ 0.0, 0.0, 0.0, 1.0 ] ] },  { "file_path": "./train/r_65", "rotation": 10.16641, "transform_matrix": [ [ -0.8829034, -0.1643441, 0.4398552, 0.8797104 ], [ 0.4695547, -0.3090162, 0.8270595, 1.654119 ], [ 0.0000000318146, 0.9367496, 0.35, 0.6999999 ], [ 0.0, 0.0, 0.0, 1.0 ] ] },  { "file_path": "./train/r_66", "rotation": 10.16641, "transform_matrix": [ [ 0.9681962, -0.08506528, 0.235287, 0.4705739 ], [ 0.250192, 0.3291867, -0.9105163, -1.821033 ], [ 0.0, 0.9404255, 0.34, 0.6799999 ], [ 0.0, 0.0, 0.0, 1.0 ] ] },  { "file_path": "./train/r_67", "rotation": 10.16641, "transform_matrix": [ [ -0.544937, 0.2766974, -0.7915063, -1.583013 ], [ -0.838477, -0.1798292, 0.5144101, 1.02882 ], [ 0.00000002358872, 0.9439809, 0.33, 0.6599999 ], [ 0.0, 0.0, 0.0, 1.0 ] ] },  { "file_path": "./train/r_68", "rotation": 10.16641, "transform_matrix": [ [ -0.1645987, -0.3156354, 0.9344953, 1.868991 ], [ 0.9863605, -0.0526716, 0.1559438, 0.3118873 ], [ -0.00000002436886, 0.9474175, 0.32, 0.6399999 ], [ 0.0, 0.0, 0.0, 1.0 ] ] },  { "file_path": "./train/r_69", "rotation": 10.16641, "transform_matrix": [ [ 0.7876312, 0.1910056, -0.5857935, -1.171587 ], [ -0.616147, 0.2441656, -0.7488297, -1.497659 ], [ 0.0, 0.9507366, 0.31, 0.6199999 ], [ 0.0, 0.0, 0.0, 1.0 ] ] },  { "file_path": "./train/r_70", "rotation": 10.16641, "transform_matrix": [ [ -0.9969733, 0.0233235, -0.07416402, -0.148328 ], [ -0.07774501, -0.299092, 0.951052, 1.902104 ], [ 0.000000001952583, 0.9539393, 0.3, 0.5999999 ], [ 0.0, 0.0, 0.0, 1.0 ] ] },  { "file_path": "./train/r_71", "rotation": 10.16641, "transform_matrix": [ [ 0.6826397, -0.2119189, 0.6993522, 1.398704 ], [ 0.7307551, 0.1979655, -0.6533043, -1.306609 ], [ -0.00000001042116, 0.9570266, 0.29, 0.5799999 ], [ 0.0, 0.0, 0.0, 1.0 ] ] },  { "file_path": "./train/r_72", "rotation": 10.16641, "transform_matrix": [ [ -0.00976497, 0.2799867, -0.9599541, -1.919909 ], [ -0.9999522, -0.002734189, 0.009374307, 0.01874859 ], [ 0.00000002369172, 0.96, 0.28, 0.56 ], [ 0.0, 0.0, 0.0, 1.0 ] ] },  { "file_path": "./train/r_73", "rotation": 10.16641, "transform_matrix": [ [ -0.6682842, -0.2008546, 0.7162775, 1.432555 ], [ 0.743906, -0.1804367, 0.6434643, 1.286929 ], [ -0.00000001067337, 0.9628603, 0.27, 0.5399999 ], [ 0.0, 0.0, 0.0, 1.0 ] ] },  { "file_path": "./train/r_74", "rotation": 10.16641, "transform_matrix": [ [ 0.9952708, 0.02525617, -0.09379841, -0.1875968 ], [ -0.09713916, 0.2587703, -0.9610421, -1.922084 ], [ -0.000000001928986, 0.9656087, 0.2599999, 0.5199999 ], [ 0.0, 0.0, 0.0, 1.0 ] ] },  { "file_path": "./train/r_75", "rotation": 10.16641, "transform_matrix": [ [ -0.799477, 0.1501741, -0.581622, -1.163244 ], [ -0.6006967, -0.1998692, 0.7740902, 1.548181 ], [ 0.00000001538985, 0.9682458, 0.2499999, 0.5 ], [ 0.0, 0.0, 0.0, 1.0 ] ] },  { "file_path": "./train/r_76", "rotation": 10.16641, "transform_matrix": [ [ 0.1837698, -0.2359126, 0.9542399, 1.90848 ], [ 0.9829693, 0.04410471, -0.1783987, -0.3567974 ], [ 0.000000003554821, 0.9707729, 0.2399999, 0.4799999 ], [ 0.0, 0.0, 0.0, 1.0 ] ] },  { "file_path": "./train/r_77", "rotation": 10.16641, "transform_matrix": [ [ 0.5284584, 0.1952606, -0.8261991, -1.652398 ], [ -0.8489591, 0.1215455, -0.5142908, -1.028582 ], [ 0.000000006155664, 0.9731907, 0.23, 0.46 ], [ 0.0, 0.0, 0.0, 1.0 ] ] },  { "file_path": "./train/r_78", "rotation": 10.16641, "transform_matrix": [ [ -0.9631419, -0.05917853, 0.2624029, 0.5248059 ], [ 0.2689933, -0.2118912, 0.9395447, 1.87909 ], [ -0.000000003818853, 0.9754999, 0.22, 0.44 ], [ 0.0, 0.0, 0.0, 1.0 ] ] },  { "file_path": "./train/r_79", "rotation": 10.16641, "transform_matrix": [ [ 0.8919049, -0.09496685, 0.4421391, 0.8842783 ], [ 0.452223, 0.1873001, -0.8720167, -1.744033 ], [ 0.000000007620508, 0.9777014, 0.21, 0.4200001 ], [ 0.0, 0.0, 0.0, 1.0 ] ] } ] }